00001011  
00000111  
00000100  
00000101  
00000011  
00000101  
01001011  
00000000  
00100110  
00001010  
00011101  
00000101  
00000111  
00000100  
00000011  
00000010  
00010110  
01001001  
00111100  
00001101  
00000111  
00000101  
00010111  
00101101  
00010101  
00101111  
00111010  
00000110  
00001000  
00101101  
00010101  
00000000  
00001011  
00000111  
00000100  
00000111  
00000011  
00000101  
00000010  
00000011  
01011001  
00110101  
00111000  
00000101  
00000111  
00000101  
00000010  
00000000  
01001000  
00000101  
00010101  
00100101  
00000011  
00000100  
00000101  
00000011  
00100001  
00100001  
00000100  
01011001  
00000011  
00000101  
01001011  
00000000  
